1.870863222683320702e-56
2.906791631341452508e-56
4.513170684516478707e-56
7.002378946101490286e-56
1.085689042642069819e-55
1.682136728975404976e-55
2.604432621324852494e-55
4.029590862164182524e-55
6.230239952879093813e-55
9.625971862161671977e-55
1.486210742341895624e-54
2.293042996214012303e-54
3.535411693902501403e-54
5.447080378556768175e-54
8.386554383457474837e-54
1.290325693102731717e-53
1.983860436297951159e-53
3.048027505142290524e-53
4.679749869347019671e-53
7.179966101292398613e-53
1.100824636828637537e-52
1.686591399421205770e-52
2.582246015286239772e-52
3.950766334328210909e-52
6.040335572633519301e-52
9.228620405221103641e-52
1.408991888235445883e-51
2.149691784448024289e-51
3.277478824588961464e-51
4.993437127693476296e-51
7.602479741060006304e-51
1.156663286322183631e-50
1.758549607749900452e-50
2.671765213991066485e-50
4.056373641771479455e-50
6.154228353936042521e-50
9.330507266661285636e-50
1.413620706254813862e-49
2.140210716422510498e-49
3.237994931073243277e-49
4.895440637489362564e-49
7.396110765392155358e-49
1.116634439731300617e-48
1.684669154099714589e-48
2.539885996639255902e-48
3.826571363139587560e-48
5.761046814422034417e-48
8.667402909230485842e-48
1.303084444528804184e-47
1.957726994942498151e-47
2.939190207593897017e-47
4.409600535409635614e-47
6.610994549000085088e-47
9.904449531705502634e-47
1.482824938722660633e-46
2.218428385724922352e-46
3.316629348803959474e-46
4.955009132272878760e-46
7.397551083834412726e-46
1.103640121519237888e-45
1.645367753890849915e-45
2.451288777365164269e-45
3.649404186987478407e-45
5.429320119047768892e-45
8.071698393553096195e-45
1.199169009508249646e-44
1.780294544110567480e-44
2.641188023494715137e-44
3.915640136785173083e-44
5.800991346945884650e-44
8.588111170812484866e-44
1.270542191543288851e-43
1.878349999889701993e-43
2.774980532448774053e-43
4.096748997917942932e-43
6.043865144328555097e-43
8.910173660775876726e-43
1.312663972154821080e-42
1.932488670494045419e-42
2.842996605963557145e-42
4.179571121856402451e-42
6.140208129185202640e-42
9.014267851181228628e-42
1.322433428482462859e-41
1.938711439311575851e-41
2.840197368905722716e-41
4.157955744213694076e-41
6.082851275590957619e-41
8.892636243138157872e-41
1.299121741709515609e-40
1.896553805816817950e-40
2.766791796764453510e-40
4.033516002793767304e-40
5.876071655590660004e-40
8.554337402530836763e-40
1.244462064532406674e-39
1.809143194259382031e-39
2.628210929751012482e-39
3.815429956137611801e-39
5.535065278532427993e-39
8.024130866121728801e-39
1.162436538986115909e-38
1.682815471962461719e-38
2.434443691224164170e-38
3.519321681320260787e-38
5.084101241458621524e-38
7.339481992225917419e-38
1.058796805081061419e-37
1.526355967298073373e-37
2.198847091921067099e-37
3.165411851149064138e-37
4.553668509255958953e-37
6.546189822329917833e-37
9.403981598251506344e-37
1.349991209410984870e-36
1.936627543850403863e-36
2.776241628661683618e-36
3.977080792208197036e-36
5.693345751585220777e-36
8.144542580096487795e-36
1.164291779869410399e-35
1.663232483155400829e-35
2.374324528275916845e-35
3.387062368968469822e-35
4.828389561217317887e-35
6.878241256117185388e-35
9.791483604273398431e-35
1.392886057393996697e-34
1.980061480325091403e-34
2.812792873456514134e-34
3.992940372227699310e-34
5.664269264476652119e-34
8.029545249364773750e-34
1.137454421352560731e-33
1.610174892372661044e-33
2.277760678772473619e-33
3.219875846738862521e-33
4.548478593079140123e-33
6.420800522454470826e-33
9.057496903354391414e-33
1.276800971890483098e-32
1.798598425159573689e-32
2.531868857503302548e-32
3.561592259962282292e-32
5.006603338930386121e-32
7.032960274771903879e-32
9.872545361545256435e-32
1.384892633798746177e-31
1.941328661879874912e-31
2.719430860394162167e-31
3.806737853337875321e-31
5.325052740743887397e-31
7.443734083716502077e-31
1.039809499604172391e-30
1.451485511830569112e-30
2.024732357965392096e-30
2.822399819612257575e-30
3.931564832809551993e-30
5.472784426911462651e-30
7.612849344738093142e-30
1.058235004179391129e-29
1.469985342898237822e-29
2.040515414117014513e-29
2.830497326392556706e-29
3.923571868733961330e-29
5.434961462455137221e-29
7.523281631374352501e-29
1.040672706197598742e-28
1.438523638949509559e-28
1.987082210566345003e-28
2.742904339471494440e-28
3.783567459562355184e-28
5.215408081771306904e-28
7.184079067032407488e-28
9.888943718316154971e-28
1.360268686632684514e-27
1.869801440981038919e-27
2.568397706413537434e-27
3.525535162660412074e-27
4.835972488958106120e-27
6.628856024165085911e-27
9.080073106299016469e-27
1.242899741690511047e-26
1.700117133829641136e-26
2.323900795092933184e-26
3.174331791869373265e-26
4.332943706824709087e-26
5.910303306165114756e-26
8.056241647573485134e-26
1.097365226473872496e-25
1.493708655438687147e-25
2.031779597319310603e-25
2.761743154118990192e-25
3.751336055317671805e-25
5.091956093156802106e-25
6.906838846653502117e-25
9.362029163324570784e-25
1.268109190834641745e-24
1.716482201768251910e-24
2.321763357714409364e-24
3.138286545877806993e-24
4.238998188178329000e-24
5.721762944311753362e-24
7.717781597873937652e-24
1.040282043395626923e-23
1.401218019012511305e-23
1.886063536162653944e-23
2.536897485305879553e-23
3.409930370774106948e-23
4.580196366364690776e-23
6.147785108302097055e-23
8.246112457029978051e-23
1.105288933383173279e-22
1.480465816250067351e-22
1.981604319441002485e-22
2.650522469760268416e-22
3.542762460731825119e-22
4.732041797225720883e-22
6.316130632473589537e-22
8.424606584657797979e-22
1.122907929245611279e-21
1.495666139661564724e-21
1.990770373072670452e-21
2.647912744266939892e-21
3.519509685342895583e-21
4.674731303823950231e-21
6.204790692216434471e-21
8.229882075496091945e-21
1.090827511400297262e-20
1.444822668073247550e-20
1.912357153554160372e-20
2.529411312800299328e-20
3.343227283382837147e-20
4.415789291180775721e-20
5.828365454123093038e-20
7.687430504117514148e-20
1.013238361326798874e-19
1.334559800445629066e-19
1.756549722404511050e-19
2.310355710672378496e-19
3.036639571762314530e-19
3.988445276615428307e-19
5.234919672998672628e-19
6.866135982115671587e-19
8.999342327851179091e-19
1.178705033930233729e-18
1.542749797544708832e-18
2.017817349112421171e-18
2.637328325929800285e-18
3.444629691096664349e-18
4.495902412670289426e-18
5.863908770969917371e-18
7.642818180757872546e-18
9.954417345652763249e-18
1.295609594834293235e-17
1.685110792713315582e-17
2.190174703632477490e-17
2.844625185747209190e-17
3.692047986543704726e-17
4.788567537553615156e-17
6.206401838902504758e-17
8.038410092886440160e-17
1.040390601493802241e-16
1.345608357230333311e-16
1.739149535437095900e-16
2.246214199294875006e-16
2.899088047043692773e-16
3.739104786965119353e-16
4.819143528065388055e-16
6.206804690937434519e-16
7.988445786351060023e-16
1.027430605628966198e-15
1.320500891670184688e-15
1.695980649830835761e-15
2.176702524033360601e-15
2.791729030303667946e-15
3.578025557459896574e-15
4.582575278606172384e-15
5.865050708430457878e-15
7.501185899731071662e-15
9.587029853119924303e-15
1.224430741303163746e-14
1.562717096931014597e-14
1.993069743827932149e-14
2.540157367989703633e-14
3.235152394928052182e-14
4.117417041211288010e-14
5.236618863519181714e-14
6.655383227000948897e-14
8.452616471289177319e-14
1.072766624674125879e-13
1.360552601725643181e-13
1.724334091463193235e-13
2.183853423871873811e-13
2.763895069808787092e-13
3.495550737721152680e-13
4.417796056664977755e-13
5.579454110893765875e-13
7.041638904552918862e-13
8.880793774404777840e-13
1.119246676823732717e-12
1.409599820733904113e-12
1.774033644472483445e-12
2.231124791294072922e-12
2.804024899216327555e-12
3.521566253494898839e-12
4.419629411509368705e-12
5.542833593805381090e-12
6.946624436671528005e-12
8.699850564550889572e-12
1.088794102721804153e-11
1.361682075900432198e-11
1.701773182561511367e-11
2.125316550090217882e-11
2.652415557745580050e-11
3.307923846975636421e-11
4.122545267685285441e-11
5.134183151434891590e-11
6.389594168914621445e-11
7.946413986562853059e-11
9.875636417285241522e-11
1.226464528072591613e-10
1.522091937051318739e-10
1.887655651357720074e-10
2.339379359101806639e-10
2.897173663695299626e-10
3.585456001509611970e-10
4.434148771365007901e-10
5.479893481215065225e-10
6.767526532240248235e-10
8.351871646583734492e-10
1.029991520869872878e-09
1.269344429616455136e-09
1.563224335674503422e-09
1.923796485809508179e-09
2.365881240395189513e-09
2.907520249737497937e-09
3.570660419154236322e-09
4.381979531152693114e-09
5.373882094922957620e-09
6.585699593629037957e-09
8.065135964668872820e-09
9.870007072815889375e-09
1.207033235121751965e-08
1.475084796140904862e-08
1.801402407898647688e-08
2.198368461985423612e-08
2.680934632104295358e-08
3.267141609320180339e-08
3.978741156976455978e-08
4.841940049305881177e-08
5.888289082117846092e-08
7.155744616949587203e-08
8.689935153473092569e-08
1.054567134894597559e-07
1.278874486963311708e-07
1.549806964362252623e-07
1.876822869205041396e-07
2.271250098404508363e-07
2.746645596521229036e-07
3.319221886936280472e-07
4.008352800776069178e-07
4.837172636643607274e-07
5.833285452322531377e-07
7.029604069119524440e-07
8.465341725989983444e-07
1.018718322957791671e-06
1.225066699468753050e-06
1.472181465733863904e-06
1.767905108408364479e-06
2.121546472815315748e-06
2.544146654588764938e-06
3.048791525819842341e-06
3.650978781862041383e-06
4.369048675697942100e-06
5.224689086270330288e-06
6.243527274709933957e-06
7.455822651285384826e-06
8.897277144066742408e-06
1.060998237080420300e-05
1.264352581725477067e-05
1.505628167355481597e-05
1.791691593797964277e-05
2.130613993552635447e-05
2.531875159739750941e-05
3.006600979714917909e-05
3.567839384202812228e-05
4.230880798874516060e-05
5.013629972082135215e-05
5.937037063487289959e-05
7.025597029864897463e-05
8.307927654686641595e-05
9.817438057624347839e-05
1.159310121171439024e-04
1.368034591510095964e-04
1.613208583949055108e-04
1.900990574040273024e-04
2.238542770025393975e-04
2.634188342345906053e-04
3.097592215654680126e-04
3.639968781395813984e-04
4.274320340505565873e-04
5.015710593885271086e-04
5.881578069513540043e-04
6.892095016569093529e-04
8.070578016617879725e-04
9.443957368454094494e-04
1.104331320608780472e-03
1.290448731907522682e-03
1.506878077230126281e-03
1.758374868091090162e-03
2.050410489894743601e-03
2.389275094219199015e-03
2.782194520281323219e-03
3.237463044318582110e-03
3.764593969756637945e-03
4.374490308367364605e-03
5.079638065372097527e-03
5.894324931989673201e-03
6.834887509827869585e-03
7.919990545520482969e-03
9.170942044061484999e-03
1.061204855852949068e-02
1.227101542568498523e-02
1.417939723482610284e-02
1.637310438509837623e-02
1.889297220817235876e-02
2.178539981307306070e-02
2.510306655241608884e-02
2.890573481906273320e-02
3.326114876414259375e-02
3.824603948662216174e-02
4.394724828641780046e-02
5.046298070297539767e-02
5.790420528491487667e-02
6.639621235959536349e-02
7.608034950023172260e-02
8.711595192851986913e-02
9.968248774869752082e-02
1.139819396906857352e-01
1.302414469515128792e-01
1.487162327715764731e-01
1.696928455713306583e-01
1.934927438102760910e-01
2.204762572190512027e-01
2.510469597018610832e-01
2.856564920149674003e-01
3.248098753013379247e-01
3.690713597050255257e-01
4.190708556037889276e-01
4.755109984863075123e-01
5.391749021614028470e-01
6.109346588200290640e-01
6.917606484741399830e-01
7.827317244659204309e-01
8.850463460706935459e-01
1.000034733699275646e+00
1.129172126831188061e+00
1.274093229566375163e+00
1.436607933555632988e+00
1.618718413041086990e+00
1.822637691787232894e+00
2.050809786786851774e+00
2.305931538756945454e+00
2.590976244567124720e+00
2.909219211832076102e+00
3.264265360911363434e+00
3.660079004451731510e+00
4.101015939330890703e+00
4.591857990365802777e+00
5.137850149375529085e+00
5.744740457077217144e+00
6.418822778776227977e+00
7.166982627817191975e+00
7.996746193213067677e+00
8.916332729684301128e+00
9.934710469430857671e+00
1.106165621523612863e+01
1.230781877386558421e+01
1.368478638707518336e+01
1.520515831477851876e+01
1.688262072092927113e+01
1.873202700734457338e+01
2.076948273391243660e+01
2.301243525527091549e+01
2.547976819400536641e+01
2.819190085856051553e+01
3.117089270028857229e+01
3.444055288823637540e+01
3.802655506229784521e+01
4.195655730511149528e+01
4.626032735046216260e+01
5.096987302084607308e+01
5.611957785919258157e+01
6.174634188941683277e+01
6.788972740743237466e+01
7.459210966842600499e+01
8.189883229753868932e+01
8.985836720957611590e+01
9.852247877898747674e+01
1.079463919540986581e+02
1.181889639595016632e+02
1.293128591776460041e+02
1.413847267451172911e+02
1.544753803409395800e+02
1.686599795836370390e+02
1.840182123908994356e+02
2.006344775907210760e+02
2.185980670060511386e+02
2.380033461665770744e+02
2.589499327315762116e+02
2.815428716371283713e+02
3.058928059098021208e+02
3.321161420175972125e+02
3.603352085579123809e+02
3.906784070121102559e+02
4.232803532273913447e+02
4.582820082197371789e+02
4.958307968272522430e+02
5.360807126819297537e+02
5.791924079103879421e+02
6.253332659211614555e+02
6.746774555883378071e+02
7.274059650995715174e+02
7.837066137014039668e+02
8.437740395472039836e+02
9.078096618337294785e+02
9.760216154019448140e+02
1.048624655977250086e+03
1.125840034234275890e+03
1.207895336892742080e+03
1.295024293084211422e+03
1.387466544275589285e+03
1.485467376094555448e+03
1.589277410475413490e+03
1.699152256631484079e+03
1.815352119462868814e+03
1.938141364126246799e+03
2.067788035626947021e+03
2.204563332442835417e+03
2.348741033354895535e+03
2.500596876840511413e+03
2.660407892582635213e+03
2.828451684860592195e+03
3.005005667816281857e+03
3.190346252832157916e+03
3.384747988514263398e+03
3.588482654043740695e+03
3.801818306942945128e+03
4.025018286596272901e+03
4.258340175170123075e+03
4.502034717889414424e+03
4.756344704948521212e+03
5.021503817660508503e+03
5.297735441778636414e+03
5.585251451255971006e+03
5.884250966041000538e+03
6.194919087836796280e+03
6.517425618076720639e+03
6.851923762688072202e+03
7.198548828524505552e+03
7.557416916645602214e+03
7.928623617905467654e+03
8.312242716578690306e+03
8.708324907999422066e+03
9.116896536414444199e+03
9.537958359452046352e+03
9.971484345782351738e+03
1.041742051268920113e+04
1.087568381038649750e+04
1.134616105999084175e+04
1.182870795210522374e+04
1.232314811297354572e+04
1.282927224513139481e+04
1.334683734940288741e+04
1.387556603497545984e+04
1.441514592412340062e+04
1.496522915794528126e+04
1.552543200923101722e+04
1.609533460827824456e+04
1.667448078714030999e+04
1.726237804740255160e+04
1.785849765615776414e+04
1.846227487438203025e+04
1.907310932140209843e+04
1.969036547859641360e+04
2.031337333488602599e+04
2.094921721217493177e+04
2.162048408202977953e+04
2.226717890630147303e+04
2.288988632560116093e+04
2.348917895307165600e+04
2.406561760449716894e+04
2.461975152419565711e+04
2.515211860676774086e+04
2.566324561477668976e+04
2.615364839243242022e+04
2.662383207534969188e+04
2.707429129645185094e+04
2.750551038808845260e+04
2.791796358043361033e+04
2.831211519623368076e+04
2.868841984196692283e+04
2.904732259548112779e+04
2.938925919017188789e+04
2.971465619576311656e+04
3.002393119575031960e+04
3.031749296156766650e+04
3.059574162353618885e+04
3.085906883865168129e+04
3.110785795526838046e+04
3.134248417473479640e+04
3.156331471003578190e+04
3.177070894149467858e+04
3.196501856958906137e+04
3.214658776493044570e+04
3.231575331546066445e+04
3.247284477091376539e+04
3.261818458459312751e+04
3.275208825251150847e+04
3.287486444994275371e+04
3.298681516543033649e+04
3.308823583229944779e+04
3.317941545771728124e+04
3.326063674934599840e+04
3.333217623963118967e+04
3.339430440776948672e+04
3.344728579939626070e+04
3.349137914403504692e+04
3.352683747034900443e+04
3.355390821923450858e+04
3.357283335479527159e+04
3.358384947323575034e+04
3.358718790971129783e+04
3.358307484317244234e+04
3.357173139923895360e+04
3.355337375114022871e+04
3.352821321875599824e+04
3.349645636579307029e+04
3.345830509513086872e+04
3.341395674236963532e+04
3.336360416761341912e+04
3.330743584552064567e+04
3.324563595365320361e+04
3.317838445915470220e+04
3.310585720378954284e+04
3.302822598737109365e+04
3.294565864960951876e+04
3.285831915040729655e+04
3.276636764863098870e+04
3.266996057938751983e+04
3.256925072983117207e+04
3.246438731352903051e+04
3.235551604341114580e+04
3.224277920333058864e+04
3.212631571825969149e+04
3.200626122314665190e+04
3.188274813045754490e+04
3.175590569642783157e+04
3.162586008604610470e+04
3.149273443679499542e+04
3.135664892117012278e+04
3.121772080800088952e+04
3.107606452259457728e+04
3.093179170572533621e+04
3.078501127148944215e+04
3.063582946404762697e+04
3.048434991327458920e+04
3.033067368933669786e+04
3.017489935621654877e+04
3.001712302420455308e+04
2.985743840137615189e+04
2.969593684407369074e+04
2.953270740641110388e+04
2.936783688881944545e+04
2.920140988565113003e+04
2.903350883186026840e+04
2.886421404877590248e+04
2.869360378898542695e+04
2.852175428034419019e+04
2.834873976912767102e+04
2.817463256234230721e+04
2.799950306921013180e+04
2.782341984184296234e+04
2.764644961512114605e+04
2.746865734579119453e+04
2.729010625079750025e+04
2.711085784486203193e+04
2.693097197732570567e+04
2.675050686826594756e+04
2.656951914390319143e+04
2.638806387130993608e+04
2.620619459243550591e+04
2.602396335745883334e+04
2.584142075748224306e+04
2.565861595657846556e+04
2.547559672320269237e+04
2.529240946098207860e+04
2.510909923889383208e+04
2.492570982084369825e+04
2.474228369465600554e+04
2.455886210048610155e+04
2.437548505866646519e+04
2.419219139699665539e+04
2.400901877748794141e+04
2.382600372257268464e+04
2.364318164078839982e+04
2.346058685194705322e+04
2.327825261179826339e+04
2.309621113619700918e+04
2.291449362478443436e+04
2.273313028419132752e+04
2.255215035077335051e+04
2.237158211288654638e+04
2.219145293271211631e+04
2.201178926763905838e+04
2.183261669121270097e+04
2.165395991365783993e+04
2.147584280198407578e+04
2.129828839968182365e+04
2.112131894601622480e+04
2.094495589492701038e+04
2.076921993354189908e+04
2.059413100031032445e+04
2.041970830276546258e+04
2.024597033492112314e+04
2.007293489431088892e+04
1.990061909867584109e+04
1.972903940230822991e+04
1.955821161205714452e+04
1.938815090300294833e+04
1.921887183380678471e+04
1.905038836174138123e+04
1.888271385740924234e+04
1.871586111915428046e+04
1.854984238717293192e+04
1.838466935733017090e+04
1.822035319468659873e+04
1.805690454674181092e+04
1.789433355639976435e+04
1.773264987466126695e+04
1.757186267304921057e+04
1.741198065577149100e+04
1.725301207162668652e+04
1.709496472565760996e+04
1.693784599055774015e+04
1.678166281783491286e+04
1.662642174873749173e+04
1.647212892494741027e+04
1.631879009904455052e+04
1.616641064474712948e+04
1.600311356752746178e+04
1.583981649030779408e+04
1.567651941308812638e+04
1.551322233586845687e+04
1.534992525864878917e+04
1.518662818142912147e+04
1.502333110420945377e+04
1.486003402698978607e+04
1.469673694977011837e+04
1.453343987255045067e+04
1.437014279533078115e+04
1.420684571811111346e+04
1.404354864089144576e+04
1.388025156367177806e+04
1.371695448645211036e+04
1.355365740923244084e+04
1.339036033201277314e+04
1.322706325479310544e+04
1.306376617757343774e+04
1.290046910035377005e+04
1.273717202313410235e+04
1.257387494591443465e+04
1.241057786869476695e+04
1.224728079147509743e+04
1.208398371425542973e+04
1.192068663703576203e+04
1.175738955981609433e+04
1.159409248259642482e+04
1.143079540537675712e+04
1.126749832815708942e+04
1.110420125093742172e+04
1.094090417371775402e+04
1.077760709649808632e+04
1.061431001927841862e+04
1.045101294205875092e+04
1.028771586483908322e+04
1.012441878761941371e+04
9.961121710399746007e+03
9.797824633180078308e+03
9.634527555960410609e+03
9.471230478740741091e+03
9.307933401521073392e+03
9.144636324301405693e+03
8.981339247081737994e+03
8.818042169862070295e+03
8.654745092642402597e+03
8.491448015422734898e+03
8.328150938203067199e+03
8.164853860983398590e+03
7.989257032573504148e+03
7.791851757123904463e+03
7.598404117312227754e+03
7.408847178042822634e+03
7.223114892758916540e+03
7.041142098060466196e+03
6.862864508126320288e+03
6.688218708952417728e+03
6.517142152415758574e+03
6.349573150174752300e+03
6.185450867415553148e+03
6.024715316453772175e+03
5.867307350200679139e+03
5.713168655502789989e+03
5.562241746363152743e+03
5.414469957052644531e+03
5.269797435119083275e+03
5.128169134301677332e+03
4.989530807358424681e+03
4.853828998813047292e+03
4.721011037628823033e+03
4.591025029815321432e+03
4.463819850974699875e+03
4.339345138793506521e+03
4.217551285485855260e+03
4.098389430193444241e+03
3.981811451348138235e+03
3.867769959001870575e+03
3.756218287129304827e+03
3.647110485907646762e+03
3.540401313978458802e+03
3.436046230695821123e+03
3.334001388365066759e+03
3.234223624476070199e+03
3.136670453935226305e+03
3.041300061299506524e+03
2.948071293016520940e+03
2.856943649673720756e+03
2.767877278260142248e+03
2.680832964443899527e+03
2.595772124868185074e+03
2.512656799468924874e+03
2.431449643816543357e+03
2.352113921484632556e+03
2.274613496447913349e+03
2.198912825511888059e+03
2.124976950776362173e+03
2.052771492135125300e+03
1.982262639813597616e+03
1.913417146946622552e+03
1.846202322198010734e+03
1.780586022423702616e+03
1.716536645380162327e+03
1.654023122479518861e+03
1.593014911592926865e+03
1.533481989903586964e+03
1.475394846810598210e+03
1.418724476885017111e+03
1.363442372879121194e+03
1.309520518790039660e+03
1.256931382978736337e+03
1.205647911345238299e+03
1.155643520561038713e+03
1.106892091359410415e+03
1.059367961884433271e+03
1.013045921099389489e+03
9.679012022551581822e+02
9.239094764191764853e+02
8.810468460655260969e+02
8.392898387265519204e+02
7.986154007065067617e+02
7.590008908575365467e+02
7.204240744183751985e+02
6.828631169160286163e+02
6.462965781306803592e+02
6.107034061240440224e+02
5.760629313313224884e+02
5.423548607168900162e+02
5.095592719938318282e+02
4.776566079073587616e+02
4.466276705821530868e+02
4.164536159336437322e+02
3.871159481431615177e+02
3.585965141969379033e+02
3.308774984888395920e+02
3.039414174867337124e+02
2.777711144623537507e+02
2.523497542844844190e+02
2.276608182752938205e+02
2.036880991296075081e+02
1.804156958968830509e+02
1.578280090256529888e+02
1.359097354701572158e+02
1.146458638588878358e+02
9.402166972474097406e+01
7.402271079645987584e+01
5.463482235103344919e+01
3.584411262670536757e+01
1.763695829622991695e+01
0.000000000000000000e+00
0.000000000000000000e+00
